  -6.0000000e+01
  -5.0000000e+00
   9.4000000e+01
   1.2500000e+02
   1.5400000e+02
   1.7900000e+02
   1.9800000e+02
   2.5700000e+02
   3.0700000e+02
   4.1400000e+02
   4.7200000e+02
   5.2700000e+02
   5.7900000e+02
   6.3000000e+02
   6.8300000e+02
   7.3900000e+02
   7.8900000e+02
   8.4200000e+02
   8.9600000e+02
   9.5100000e+02
   1.0080000e+03
   1.0680000e+03
   1.1320000e+03
   1.4070000e+03
   1.6390000e+03
   1.8000000e+03
   1.9250000e+03
   2.0780000e+03
   2.3000000e+03
   2.4660000e+03
   2.5870000e+03
   2.6850000e+03
   2.7930000e+03
   2.9540000e+03
   3.1810000e+03
   3.4280000e+03
   3.6410000e+03
   3.9820000e+03
   4.2690000e+03
   4.5230000e+03
   4.7770000e+03
   5.0750000e+03
   5.4090000e+03
   5.7410000e+03
   6.0440000e+03
