 -6.0000000e+001
 -5.0000000e+000
  9.4000000e+001
  1.2500000e+002
  1.5400000e+002
  1.7900000e+002
  1.9800000e+002
  2.5700000e+002
  3.0700000e+002
  4.1400000e+002
  4.7200000e+002
  5.2700000e+002
  5.7900000e+002
  6.3000000e+002
  6.8300000e+002
  7.3900000e+002
  7.8900000e+002
  8.4200000e+002
  8.9600000e+002
  9.5100000e+002
  1.0080000e+003
  1.0680000e+003
  1.1320000e+003
  1.4070000e+003
  1.6390000e+003
  1.8000000e+003
  1.9250000e+003
  2.0780000e+003
  2.3000000e+003
  2.4660000e+003
  2.5870000e+003
  2.6850000e+003
  2.7930000e+003
  2.9540000e+003
  3.1810000e+003
  3.4280000e+003
  3.6410000e+003
  3.9820000e+003
  4.2690000e+003
  4.5230000e+003
  4.7770000e+003
